{
 "cells": [
  {
   "cell_type": "code",
   "execution_count": 1,
   "metadata": {
    "ExecuteTime": {
     "end_time": "2019-03-11T15:09:50.649333Z",
     "start_time": "2019-03-11T15:09:44.755514Z"
    }
   },
   "outputs": [],
   "source": [
    "import pandas as pd\n",
    "import numpy as np\n",
    "\n",
    "import matplotlib.pyplot as plt\n",
    "import seaborn as sns"
   ]
  },
  {
   "cell_type": "code",
   "execution_count": 42,
   "metadata": {
    "ExecuteTime": {
     "end_time": "2019-03-11T15:41:32.537892Z",
     "start_time": "2019-03-11T15:41:31.984253Z"
    }
   },
   "outputs": [],
   "source": [
    "pd.set_option('display.max_columns', 100)\n",
    "train = pd.read_csv('../input/train.csv')\n",
    "test = pd.read_csv('../input/test.csv')\n",
    "\n",
    "df = pd.concat([train.drop('price', axis = 1),test], axis = 0)"
   ]
  },
  {
   "cell_type": "markdown",
   "metadata": {},
   "source": [
    "# correlation"
   ]
  },
  {
   "cell_type": "code",
   "execution_count": 13,
   "metadata": {
    "ExecuteTime": {
     "end_time": "2019-03-11T11:12:51.585321Z",
     "start_time": "2019-03-11T11:12:51.493725Z"
    }
   },
   "outputs": [
    {
     "data": {
      "text/html": [
       "<div>\n",
       "<style scoped>\n",
       "    .dataframe tbody tr th:only-of-type {\n",
       "        vertical-align: middle;\n",
       "    }\n",
       "\n",
       "    .dataframe tbody tr th {\n",
       "        vertical-align: top;\n",
       "    }\n",
       "\n",
       "    .dataframe thead th {\n",
       "        text-align: right;\n",
       "    }\n",
       "</style>\n",
       "<table border=\"1\" class=\"dataframe\">\n",
       "  <thead>\n",
       "    <tr style=\"text-align: right;\">\n",
       "      <th></th>\n",
       "      <th>price</th>\n",
       "      <th>bedrooms</th>\n",
       "      <th>bathrooms</th>\n",
       "      <th>sqft_living</th>\n",
       "      <th>sqft_lot</th>\n",
       "      <th>floors</th>\n",
       "      <th>waterfront</th>\n",
       "      <th>view</th>\n",
       "      <th>condition</th>\n",
       "      <th>grade</th>\n",
       "      <th>sqft_above</th>\n",
       "      <th>sqft_basement</th>\n",
       "      <th>yr_built</th>\n",
       "      <th>yr_renovated</th>\n",
       "      <th>zipcode</th>\n",
       "      <th>lat</th>\n",
       "      <th>long</th>\n",
       "      <th>sqft_living15</th>\n",
       "      <th>sqft_lot15</th>\n",
       "      <th>year</th>\n",
       "      <th>month</th>\n",
       "      <th>day</th>\n",
       "    </tr>\n",
       "  </thead>\n",
       "  <tbody>\n",
       "    <tr>\n",
       "      <th>price</th>\n",
       "      <td>1.000000</td>\n",
       "      <td>0.305682</td>\n",
       "      <td>0.526900</td>\n",
       "      <td>0.703226</td>\n",
       "      <td>0.087228</td>\n",
       "      <td>0.266110</td>\n",
       "      <td>0.272579</td>\n",
       "      <td>0.404582</td>\n",
       "      <td>0.038446</td>\n",
       "      <td>0.669244</td>\n",
       "      <td>0.606567</td>\n",
       "      <td>0.323820</td>\n",
       "      <td>0.051072</td>\n",
       "      <td>0.122364</td>\n",
       "      <td>-0.048639</td>\n",
       "      <td>0.307125</td>\n",
       "      <td>0.017397</td>\n",
       "      <td>0.585733</td>\n",
       "      <td>0.084628</td>\n",
       "      <td>0.003447</td>\n",
       "      <td>-0.012591</td>\n",
       "      <td>-0.018753</td>\n",
       "    </tr>\n",
       "    <tr>\n",
       "      <th>bedrooms</th>\n",
       "      <td>0.305682</td>\n",
       "      <td>1.000000</td>\n",
       "      <td>0.512589</td>\n",
       "      <td>0.569478</td>\n",
       "      <td>0.039488</td>\n",
       "      <td>0.172039</td>\n",
       "      <td>-0.006742</td>\n",
       "      <td>0.080742</td>\n",
       "      <td>0.031687</td>\n",
       "      <td>0.351321</td>\n",
       "      <td>0.470282</td>\n",
       "      <td>0.301197</td>\n",
       "      <td>0.152038</td>\n",
       "      <td>0.018902</td>\n",
       "      <td>-0.148237</td>\n",
       "      <td>-0.010576</td>\n",
       "      <td>0.125499</td>\n",
       "      <td>0.383481</td>\n",
       "      <td>0.036842</td>\n",
       "      <td>-0.010894</td>\n",
       "      <td>-0.004129</td>\n",
       "      <td>-0.011664</td>\n",
       "    </tr>\n",
       "    <tr>\n",
       "      <th>bathrooms</th>\n",
       "      <td>0.526900</td>\n",
       "      <td>0.512589</td>\n",
       "      <td>1.000000</td>\n",
       "      <td>0.751497</td>\n",
       "      <td>0.094212</td>\n",
       "      <td>0.504414</td>\n",
       "      <td>0.065461</td>\n",
       "      <td>0.194207</td>\n",
       "      <td>-0.117231</td>\n",
       "      <td>0.663321</td>\n",
       "      <td>0.681341</td>\n",
       "      <td>0.284331</td>\n",
       "      <td>0.503029</td>\n",
       "      <td>0.054352</td>\n",
       "      <td>-0.200010</td>\n",
       "      <td>0.028537</td>\n",
       "      <td>0.216453</td>\n",
       "      <td>0.565733</td>\n",
       "      <td>0.096685</td>\n",
       "      <td>-0.028967</td>\n",
       "      <td>0.002219</td>\n",
       "      <td>-0.004226</td>\n",
       "    </tr>\n",
       "    <tr>\n",
       "      <th>sqft_living</th>\n",
       "      <td>0.703226</td>\n",
       "      <td>0.569478</td>\n",
       "      <td>0.751497</td>\n",
       "      <td>1.000000</td>\n",
       "      <td>0.178813</td>\n",
       "      <td>0.354541</td>\n",
       "      <td>0.111313</td>\n",
       "      <td>0.292829</td>\n",
       "      <td>-0.053039</td>\n",
       "      <td>0.762201</td>\n",
       "      <td>0.875546</td>\n",
       "      <td>0.436274</td>\n",
       "      <td>0.316007</td>\n",
       "      <td>0.055042</td>\n",
       "      <td>-0.197312</td>\n",
       "      <td>0.053525</td>\n",
       "      <td>0.237814</td>\n",
       "      <td>0.757680</td>\n",
       "      <td>0.193703</td>\n",
       "      <td>-0.032295</td>\n",
       "      <td>0.008715</td>\n",
       "      <td>-0.011554</td>\n",
       "    </tr>\n",
       "    <tr>\n",
       "      <th>sqft_lot</th>\n",
       "      <td>0.087228</td>\n",
       "      <td>0.039488</td>\n",
       "      <td>0.094212</td>\n",
       "      <td>0.178813</td>\n",
       "      <td>1.000000</td>\n",
       "      <td>-0.001588</td>\n",
       "      <td>0.012633</td>\n",
       "      <td>0.074569</td>\n",
       "      <td>-0.001772</td>\n",
       "      <td>0.111874</td>\n",
       "      <td>0.189401</td>\n",
       "      <td>0.016845</td>\n",
       "      <td>0.057435</td>\n",
       "      <td>0.003194</td>\n",
       "      <td>-0.129746</td>\n",
       "      <td>-0.088012</td>\n",
       "      <td>0.226591</td>\n",
       "      <td>0.145938</td>\n",
       "      <td>0.726757</td>\n",
       "      <td>0.007310</td>\n",
       "      <td>-0.009299</td>\n",
       "      <td>0.004450</td>\n",
       "    </tr>\n",
       "    <tr>\n",
       "      <th>floors</th>\n",
       "      <td>0.266110</td>\n",
       "      <td>0.172039</td>\n",
       "      <td>0.504414</td>\n",
       "      <td>0.354541</td>\n",
       "      <td>-0.001588</td>\n",
       "      <td>1.000000</td>\n",
       "      <td>0.035425</td>\n",
       "      <td>0.038704</td>\n",
       "      <td>-0.260526</td>\n",
       "      <td>0.456254</td>\n",
       "      <td>0.525980</td>\n",
       "      <td>-0.246797</td>\n",
       "      <td>0.490417</td>\n",
       "      <td>0.006692</td>\n",
       "      <td>-0.065156</td>\n",
       "      <td>0.052634</td>\n",
       "      <td>0.123263</td>\n",
       "      <td>0.280045</td>\n",
       "      <td>-0.004004</td>\n",
       "      <td>-0.022276</td>\n",
       "      <td>0.015376</td>\n",
       "      <td>-0.003257</td>\n",
       "    </tr>\n",
       "    <tr>\n",
       "      <th>waterfront</th>\n",
       "      <td>0.272579</td>\n",
       "      <td>-0.006742</td>\n",
       "      <td>0.065461</td>\n",
       "      <td>0.111313</td>\n",
       "      <td>0.012633</td>\n",
       "      <td>0.035425</td>\n",
       "      <td>1.000000</td>\n",
       "      <td>0.391859</td>\n",
       "      <td>0.012233</td>\n",
       "      <td>0.097573</td>\n",
       "      <td>0.083253</td>\n",
       "      <td>0.075022</td>\n",
       "      <td>-0.017201</td>\n",
       "      <td>0.094939</td>\n",
       "      <td>0.024633</td>\n",
       "      <td>-0.012664</td>\n",
       "      <td>-0.035010</td>\n",
       "      <td>0.089017</td>\n",
       "      <td>0.023608</td>\n",
       "      <td>-0.004699</td>\n",
       "      <td>0.004025</td>\n",
       "      <td>0.012100</td>\n",
       "    </tr>\n",
       "    <tr>\n",
       "      <th>view</th>\n",
       "      <td>0.404582</td>\n",
       "      <td>0.080742</td>\n",
       "      <td>0.194207</td>\n",
       "      <td>0.292829</td>\n",
       "      <td>0.074569</td>\n",
       "      <td>0.038704</td>\n",
       "      <td>0.391859</td>\n",
       "      <td>1.000000</td>\n",
       "      <td>0.045144</td>\n",
       "      <td>0.263186</td>\n",
       "      <td>0.174275</td>\n",
       "      <td>0.280680</td>\n",
       "      <td>-0.044941</td>\n",
       "      <td>0.096126</td>\n",
       "      <td>0.078567</td>\n",
       "      <td>0.011474</td>\n",
       "      <td>-0.078047</td>\n",
       "      <td>0.283536</td>\n",
       "      <td>0.073581</td>\n",
       "      <td>0.002100</td>\n",
       "      <td>-0.009616</td>\n",
       "      <td>0.010701</td>\n",
       "    </tr>\n",
       "    <tr>\n",
       "      <th>condition</th>\n",
       "      <td>0.038446</td>\n",
       "      <td>0.031687</td>\n",
       "      <td>-0.117231</td>\n",
       "      <td>-0.053039</td>\n",
       "      <td>-0.001772</td>\n",
       "      <td>-0.260526</td>\n",
       "      <td>0.012233</td>\n",
       "      <td>0.045144</td>\n",
       "      <td>1.000000</td>\n",
       "      <td>-0.143437</td>\n",
       "      <td>-0.155351</td>\n",
       "      <td>0.179705</td>\n",
       "      <td>-0.357132</td>\n",
       "      <td>-0.063466</td>\n",
       "      <td>0.000496</td>\n",
       "      <td>-0.014842</td>\n",
       "      <td>-0.102547</td>\n",
       "      <td>-0.090750</td>\n",
       "      <td>0.001173</td>\n",
       "      <td>-0.050913</td>\n",
       "      <td>0.022877</td>\n",
       "      <td>-0.005950</td>\n",
       "    </tr>\n",
       "    <tr>\n",
       "      <th>grade</th>\n",
       "      <td>0.669244</td>\n",
       "      <td>0.351321</td>\n",
       "      <td>0.663321</td>\n",
       "      <td>0.762201</td>\n",
       "      <td>0.111874</td>\n",
       "      <td>0.456254</td>\n",
       "      <td>0.097573</td>\n",
       "      <td>0.263186</td>\n",
       "      <td>-0.143437</td>\n",
       "      <td>1.000000</td>\n",
       "      <td>0.752589</td>\n",
       "      <td>0.173760</td>\n",
       "      <td>0.445311</td>\n",
       "      <td>0.014036</td>\n",
       "      <td>-0.185074</td>\n",
       "      <td>0.114358</td>\n",
       "      <td>0.192987</td>\n",
       "      <td>0.711882</td>\n",
       "      <td>0.119812</td>\n",
       "      <td>-0.032203</td>\n",
       "      <td>0.008222</td>\n",
       "      <td>-0.015548</td>\n",
       "    </tr>\n",
       "    <tr>\n",
       "      <th>sqft_above</th>\n",
       "      <td>0.606567</td>\n",
       "      <td>0.470282</td>\n",
       "      <td>0.681341</td>\n",
       "      <td>0.875546</td>\n",
       "      <td>0.189401</td>\n",
       "      <td>0.525980</td>\n",
       "      <td>0.083253</td>\n",
       "      <td>0.174275</td>\n",
       "      <td>-0.155351</td>\n",
       "      <td>0.752589</td>\n",
       "      <td>1.000000</td>\n",
       "      <td>-0.052754</td>\n",
       "      <td>0.422676</td>\n",
       "      <td>0.022127</td>\n",
       "      <td>-0.262008</td>\n",
       "      <td>-0.000937</td>\n",
       "      <td>0.342037</td>\n",
       "      <td>0.729004</td>\n",
       "      <td>0.202566</td>\n",
       "      <td>-0.025801</td>\n",
       "      <td>0.007600</td>\n",
       "      <td>-0.002994</td>\n",
       "    </tr>\n",
       "    <tr>\n",
       "      <th>sqft_basement</th>\n",
       "      <td>0.323820</td>\n",
       "      <td>0.301197</td>\n",
       "      <td>0.284331</td>\n",
       "      <td>0.436274</td>\n",
       "      <td>0.016845</td>\n",
       "      <td>-0.246797</td>\n",
       "      <td>0.075022</td>\n",
       "      <td>0.280680</td>\n",
       "      <td>0.179705</td>\n",
       "      <td>0.173760</td>\n",
       "      <td>-0.052754</td>\n",
       "      <td>1.000000</td>\n",
       "      <td>-0.134047</td>\n",
       "      <td>0.072557</td>\n",
       "      <td>0.080146</td>\n",
       "      <td>0.112378</td>\n",
       "      <td>-0.145480</td>\n",
       "      <td>0.208342</td>\n",
       "      <td>0.023102</td>\n",
       "      <td>-0.018700</td>\n",
       "      <td>0.003859</td>\n",
       "      <td>-0.018304</td>\n",
       "    </tr>\n",
       "    <tr>\n",
       "      <th>yr_built</th>\n",
       "      <td>0.051072</td>\n",
       "      <td>0.152038</td>\n",
       "      <td>0.503029</td>\n",
       "      <td>0.316007</td>\n",
       "      <td>0.057435</td>\n",
       "      <td>0.490417</td>\n",
       "      <td>-0.017201</td>\n",
       "      <td>-0.044941</td>\n",
       "      <td>-0.357132</td>\n",
       "      <td>0.445311</td>\n",
       "      <td>0.422676</td>\n",
       "      <td>-0.134047</td>\n",
       "      <td>1.000000</td>\n",
       "      <td>-0.223869</td>\n",
       "      <td>-0.349267</td>\n",
       "      <td>-0.148645</td>\n",
       "      <td>0.409008</td>\n",
       "      <td>0.325657</td>\n",
       "      <td>0.075783</td>\n",
       "      <td>0.006610</td>\n",
       "      <td>-0.012863</td>\n",
       "      <td>-0.003882</td>\n",
       "    </tr>\n",
       "    <tr>\n",
       "      <th>yr_renovated</th>\n",
       "      <td>0.122364</td>\n",
       "      <td>0.018902</td>\n",
       "      <td>0.054352</td>\n",
       "      <td>0.055042</td>\n",
       "      <td>0.003194</td>\n",
       "      <td>0.006692</td>\n",
       "      <td>0.094939</td>\n",
       "      <td>0.096126</td>\n",
       "      <td>-0.063466</td>\n",
       "      <td>0.014036</td>\n",
       "      <td>0.022127</td>\n",
       "      <td>0.072557</td>\n",
       "      <td>-0.223869</td>\n",
       "      <td>1.000000</td>\n",
       "      <td>0.070254</td>\n",
       "      <td>0.029986</td>\n",
       "      <td>-0.070787</td>\n",
       "      <td>-0.009101</td>\n",
       "      <td>0.004601</td>\n",
       "      <td>-0.023537</td>\n",
       "      <td>0.016446</td>\n",
       "      <td>0.001553</td>\n",
       "    </tr>\n",
       "    <tr>\n",
       "      <th>zipcode</th>\n",
       "      <td>-0.048639</td>\n",
       "      <td>-0.148237</td>\n",
       "      <td>-0.200010</td>\n",
       "      <td>-0.197312</td>\n",
       "      <td>-0.129746</td>\n",
       "      <td>-0.065156</td>\n",
       "      <td>0.024633</td>\n",
       "      <td>0.078567</td>\n",
       "      <td>0.000496</td>\n",
       "      <td>-0.185074</td>\n",
       "      <td>-0.262008</td>\n",
       "      <td>0.080146</td>\n",
       "      <td>-0.349267</td>\n",
       "      <td>0.070254</td>\n",
       "      <td>1.000000</td>\n",
       "      <td>0.265593</td>\n",
       "      <td>-0.568413</td>\n",
       "      <td>-0.278673</td>\n",
       "      <td>-0.146241</td>\n",
       "      <td>0.010398</td>\n",
       "      <td>0.000014</td>\n",
       "      <td>-0.006993</td>\n",
       "    </tr>\n",
       "    <tr>\n",
       "      <th>lat</th>\n",
       "      <td>0.307125</td>\n",
       "      <td>-0.010576</td>\n",
       "      <td>0.028537</td>\n",
       "      <td>0.053525</td>\n",
       "      <td>-0.088012</td>\n",
       "      <td>0.052634</td>\n",
       "      <td>-0.012664</td>\n",
       "      <td>0.011474</td>\n",
       "      <td>-0.014842</td>\n",
       "      <td>0.114358</td>\n",
       "      <td>-0.000937</td>\n",
       "      <td>0.112378</td>\n",
       "      <td>-0.148645</td>\n",
       "      <td>0.029986</td>\n",
       "      <td>0.265593</td>\n",
       "      <td>1.000000</td>\n",
       "      <td>-0.136876</td>\n",
       "      <td>0.047137</td>\n",
       "      <td>-0.085494</td>\n",
       "      <td>-0.028280</td>\n",
       "      <td>0.016748</td>\n",
       "      <td>-0.015738</td>\n",
       "    </tr>\n",
       "    <tr>\n",
       "      <th>long</th>\n",
       "      <td>0.017397</td>\n",
       "      <td>0.125499</td>\n",
       "      <td>0.216453</td>\n",
       "      <td>0.237814</td>\n",
       "      <td>0.226591</td>\n",
       "      <td>0.123263</td>\n",
       "      <td>-0.035010</td>\n",
       "      <td>-0.078047</td>\n",
       "      <td>-0.102547</td>\n",
       "      <td>0.192987</td>\n",
       "      <td>0.342037</td>\n",
       "      <td>-0.145480</td>\n",
       "      <td>0.409008</td>\n",
       "      <td>-0.070787</td>\n",
       "      <td>-0.568413</td>\n",
       "      <td>-0.136876</td>\n",
       "      <td>1.000000</td>\n",
       "      <td>0.331534</td>\n",
       "      <td>0.251867</td>\n",
       "      <td>-0.001801</td>\n",
       "      <td>-0.009688</td>\n",
       "      <td>-0.008930</td>\n",
       "    </tr>\n",
       "    <tr>\n",
       "      <th>sqft_living15</th>\n",
       "      <td>0.585733</td>\n",
       "      <td>0.383481</td>\n",
       "      <td>0.565733</td>\n",
       "      <td>0.757680</td>\n",
       "      <td>0.145938</td>\n",
       "      <td>0.280045</td>\n",
       "      <td>0.089017</td>\n",
       "      <td>0.283536</td>\n",
       "      <td>-0.090750</td>\n",
       "      <td>0.711882</td>\n",
       "      <td>0.729004</td>\n",
       "      <td>0.208342</td>\n",
       "      <td>0.325657</td>\n",
       "      <td>-0.009101</td>\n",
       "      <td>-0.278673</td>\n",
       "      <td>0.047137</td>\n",
       "      <td>0.331534</td>\n",
       "      <td>1.000000</td>\n",
       "      <td>0.184865</td>\n",
       "      <td>-0.020285</td>\n",
       "      <td>-0.004721</td>\n",
       "      <td>-0.009934</td>\n",
       "    </tr>\n",
       "    <tr>\n",
       "      <th>sqft_lot15</th>\n",
       "      <td>0.084628</td>\n",
       "      <td>0.036842</td>\n",
       "      <td>0.096685</td>\n",
       "      <td>0.193703</td>\n",
       "      <td>0.726757</td>\n",
       "      <td>-0.004004</td>\n",
       "      <td>0.023608</td>\n",
       "      <td>0.073581</td>\n",
       "      <td>0.001173</td>\n",
       "      <td>0.119812</td>\n",
       "      <td>0.202566</td>\n",
       "      <td>0.023102</td>\n",
       "      <td>0.075783</td>\n",
       "      <td>0.004601</td>\n",
       "      <td>-0.146241</td>\n",
       "      <td>-0.085494</td>\n",
       "      <td>0.251867</td>\n",
       "      <td>0.184865</td>\n",
       "      <td>1.000000</td>\n",
       "      <td>0.004450</td>\n",
       "      <td>-0.004092</td>\n",
       "      <td>-0.003399</td>\n",
       "    </tr>\n",
       "    <tr>\n",
       "      <th>year</th>\n",
       "      <td>0.003447</td>\n",
       "      <td>-0.010894</td>\n",
       "      <td>-0.028967</td>\n",
       "      <td>-0.032295</td>\n",
       "      <td>0.007310</td>\n",
       "      <td>-0.022276</td>\n",
       "      <td>-0.004699</td>\n",
       "      <td>0.002100</td>\n",
       "      <td>-0.050913</td>\n",
       "      <td>-0.032203</td>\n",
       "      <td>-0.025801</td>\n",
       "      <td>-0.018700</td>\n",
       "      <td>0.006610</td>\n",
       "      <td>-0.023537</td>\n",
       "      <td>0.010398</td>\n",
       "      <td>-0.028280</td>\n",
       "      <td>-0.001801</td>\n",
       "      <td>-0.020285</td>\n",
       "      <td>0.004450</td>\n",
       "      <td>1.000000</td>\n",
       "      <td>-0.782351</td>\n",
       "      <td>-0.002127</td>\n",
       "    </tr>\n",
       "    <tr>\n",
       "      <th>month</th>\n",
       "      <td>-0.012591</td>\n",
       "      <td>-0.004129</td>\n",
       "      <td>0.002219</td>\n",
       "      <td>0.008715</td>\n",
       "      <td>-0.009299</td>\n",
       "      <td>0.015376</td>\n",
       "      <td>0.004025</td>\n",
       "      <td>-0.009616</td>\n",
       "      <td>0.022877</td>\n",
       "      <td>0.008222</td>\n",
       "      <td>0.007600</td>\n",
       "      <td>0.003859</td>\n",
       "      <td>-0.012863</td>\n",
       "      <td>0.016446</td>\n",
       "      <td>0.000014</td>\n",
       "      <td>0.016748</td>\n",
       "      <td>-0.009688</td>\n",
       "      <td>-0.004721</td>\n",
       "      <td>-0.004092</td>\n",
       "      <td>-0.782351</td>\n",
       "      <td>1.000000</td>\n",
       "      <td>-0.062312</td>\n",
       "    </tr>\n",
       "    <tr>\n",
       "      <th>day</th>\n",
       "      <td>-0.018753</td>\n",
       "      <td>-0.011664</td>\n",
       "      <td>-0.004226</td>\n",
       "      <td>-0.011554</td>\n",
       "      <td>0.004450</td>\n",
       "      <td>-0.003257</td>\n",
       "      <td>0.012100</td>\n",
       "      <td>0.010701</td>\n",
       "      <td>-0.005950</td>\n",
       "      <td>-0.015548</td>\n",
       "      <td>-0.002994</td>\n",
       "      <td>-0.018304</td>\n",
       "      <td>-0.003882</td>\n",
       "      <td>0.001553</td>\n",
       "      <td>-0.006993</td>\n",
       "      <td>-0.015738</td>\n",
       "      <td>-0.008930</td>\n",
       "      <td>-0.009934</td>\n",
       "      <td>-0.003399</td>\n",
       "      <td>-0.002127</td>\n",
       "      <td>-0.062312</td>\n",
       "      <td>1.000000</td>\n",
       "    </tr>\n",
       "  </tbody>\n",
       "</table>\n",
       "</div>"
      ],
      "text/plain": [
       "                  price  bedrooms  bathrooms  sqft_living  sqft_lot    floors  \\\n",
       "price          1.000000  0.305682   0.526900     0.703226  0.087228  0.266110   \n",
       "bedrooms       0.305682  1.000000   0.512589     0.569478  0.039488  0.172039   \n",
       "bathrooms      0.526900  0.512589   1.000000     0.751497  0.094212  0.504414   \n",
       "sqft_living    0.703226  0.569478   0.751497     1.000000  0.178813  0.354541   \n",
       "sqft_lot       0.087228  0.039488   0.094212     0.178813  1.000000 -0.001588   \n",
       "floors         0.266110  0.172039   0.504414     0.354541 -0.001588  1.000000   \n",
       "waterfront     0.272579 -0.006742   0.065461     0.111313  0.012633  0.035425   \n",
       "view           0.404582  0.080742   0.194207     0.292829  0.074569  0.038704   \n",
       "condition      0.038446  0.031687  -0.117231    -0.053039 -0.001772 -0.260526   \n",
       "grade          0.669244  0.351321   0.663321     0.762201  0.111874  0.456254   \n",
       "sqft_above     0.606567  0.470282   0.681341     0.875546  0.189401  0.525980   \n",
       "sqft_basement  0.323820  0.301197   0.284331     0.436274  0.016845 -0.246797   \n",
       "yr_built       0.051072  0.152038   0.503029     0.316007  0.057435  0.490417   \n",
       "yr_renovated   0.122364  0.018902   0.054352     0.055042  0.003194  0.006692   \n",
       "zipcode       -0.048639 -0.148237  -0.200010    -0.197312 -0.129746 -0.065156   \n",
       "lat            0.307125 -0.010576   0.028537     0.053525 -0.088012  0.052634   \n",
       "long           0.017397  0.125499   0.216453     0.237814  0.226591  0.123263   \n",
       "sqft_living15  0.585733  0.383481   0.565733     0.757680  0.145938  0.280045   \n",
       "sqft_lot15     0.084628  0.036842   0.096685     0.193703  0.726757 -0.004004   \n",
       "year           0.003447 -0.010894  -0.028967    -0.032295  0.007310 -0.022276   \n",
       "month         -0.012591 -0.004129   0.002219     0.008715 -0.009299  0.015376   \n",
       "day           -0.018753 -0.011664  -0.004226    -0.011554  0.004450 -0.003257   \n",
       "\n",
       "               waterfront      view  condition     grade  sqft_above  \\\n",
       "price            0.272579  0.404582   0.038446  0.669244    0.606567   \n",
       "bedrooms        -0.006742  0.080742   0.031687  0.351321    0.470282   \n",
       "bathrooms        0.065461  0.194207  -0.117231  0.663321    0.681341   \n",
       "sqft_living      0.111313  0.292829  -0.053039  0.762201    0.875546   \n",
       "sqft_lot         0.012633  0.074569  -0.001772  0.111874    0.189401   \n",
       "floors           0.035425  0.038704  -0.260526  0.456254    0.525980   \n",
       "waterfront       1.000000  0.391859   0.012233  0.097573    0.083253   \n",
       "view             0.391859  1.000000   0.045144  0.263186    0.174275   \n",
       "condition        0.012233  0.045144   1.000000 -0.143437   -0.155351   \n",
       "grade            0.097573  0.263186  -0.143437  1.000000    0.752589   \n",
       "sqft_above       0.083253  0.174275  -0.155351  0.752589    1.000000   \n",
       "sqft_basement    0.075022  0.280680   0.179705  0.173760   -0.052754   \n",
       "yr_built        -0.017201 -0.044941  -0.357132  0.445311    0.422676   \n",
       "yr_renovated     0.094939  0.096126  -0.063466  0.014036    0.022127   \n",
       "zipcode          0.024633  0.078567   0.000496 -0.185074   -0.262008   \n",
       "lat             -0.012664  0.011474  -0.014842  0.114358   -0.000937   \n",
       "long            -0.035010 -0.078047  -0.102547  0.192987    0.342037   \n",
       "sqft_living15    0.089017  0.283536  -0.090750  0.711882    0.729004   \n",
       "sqft_lot15       0.023608  0.073581   0.001173  0.119812    0.202566   \n",
       "year            -0.004699  0.002100  -0.050913 -0.032203   -0.025801   \n",
       "month            0.004025 -0.009616   0.022877  0.008222    0.007600   \n",
       "day              0.012100  0.010701  -0.005950 -0.015548   -0.002994   \n",
       "\n",
       "               sqft_basement  yr_built  yr_renovated   zipcode       lat  \\\n",
       "price               0.323820  0.051072      0.122364 -0.048639  0.307125   \n",
       "bedrooms            0.301197  0.152038      0.018902 -0.148237 -0.010576   \n",
       "bathrooms           0.284331  0.503029      0.054352 -0.200010  0.028537   \n",
       "sqft_living         0.436274  0.316007      0.055042 -0.197312  0.053525   \n",
       "sqft_lot            0.016845  0.057435      0.003194 -0.129746 -0.088012   \n",
       "floors             -0.246797  0.490417      0.006692 -0.065156  0.052634   \n",
       "waterfront          0.075022 -0.017201      0.094939  0.024633 -0.012664   \n",
       "view                0.280680 -0.044941      0.096126  0.078567  0.011474   \n",
       "condition           0.179705 -0.357132     -0.063466  0.000496 -0.014842   \n",
       "grade               0.173760  0.445311      0.014036 -0.185074  0.114358   \n",
       "sqft_above         -0.052754  0.422676      0.022127 -0.262008 -0.000937   \n",
       "sqft_basement       1.000000 -0.134047      0.072557  0.080146  0.112378   \n",
       "yr_built           -0.134047  1.000000     -0.223869 -0.349267 -0.148645   \n",
       "yr_renovated        0.072557 -0.223869      1.000000  0.070254  0.029986   \n",
       "zipcode             0.080146 -0.349267      0.070254  1.000000  0.265593   \n",
       "lat                 0.112378 -0.148645      0.029986  0.265593  1.000000   \n",
       "long               -0.145480  0.409008     -0.070787 -0.568413 -0.136876   \n",
       "sqft_living15       0.208342  0.325657     -0.009101 -0.278673  0.047137   \n",
       "sqft_lot15          0.023102  0.075783      0.004601 -0.146241 -0.085494   \n",
       "year               -0.018700  0.006610     -0.023537  0.010398 -0.028280   \n",
       "month               0.003859 -0.012863      0.016446  0.000014  0.016748   \n",
       "day                -0.018304 -0.003882      0.001553 -0.006993 -0.015738   \n",
       "\n",
       "                   long  sqft_living15  sqft_lot15      year     month  \\\n",
       "price          0.017397       0.585733    0.084628  0.003447 -0.012591   \n",
       "bedrooms       0.125499       0.383481    0.036842 -0.010894 -0.004129   \n",
       "bathrooms      0.216453       0.565733    0.096685 -0.028967  0.002219   \n",
       "sqft_living    0.237814       0.757680    0.193703 -0.032295  0.008715   \n",
       "sqft_lot       0.226591       0.145938    0.726757  0.007310 -0.009299   \n",
       "floors         0.123263       0.280045   -0.004004 -0.022276  0.015376   \n",
       "waterfront    -0.035010       0.089017    0.023608 -0.004699  0.004025   \n",
       "view          -0.078047       0.283536    0.073581  0.002100 -0.009616   \n",
       "condition     -0.102547      -0.090750    0.001173 -0.050913  0.022877   \n",
       "grade          0.192987       0.711882    0.119812 -0.032203  0.008222   \n",
       "sqft_above     0.342037       0.729004    0.202566 -0.025801  0.007600   \n",
       "sqft_basement -0.145480       0.208342    0.023102 -0.018700  0.003859   \n",
       "yr_built       0.409008       0.325657    0.075783  0.006610 -0.012863   \n",
       "yr_renovated  -0.070787      -0.009101    0.004601 -0.023537  0.016446   \n",
       "zipcode       -0.568413      -0.278673   -0.146241  0.010398  0.000014   \n",
       "lat           -0.136876       0.047137   -0.085494 -0.028280  0.016748   \n",
       "long           1.000000       0.331534    0.251867 -0.001801 -0.009688   \n",
       "sqft_living15  0.331534       1.000000    0.184865 -0.020285 -0.004721   \n",
       "sqft_lot15     0.251867       0.184865    1.000000  0.004450 -0.004092   \n",
       "year          -0.001801      -0.020285    0.004450  1.000000 -0.782351   \n",
       "month         -0.009688      -0.004721   -0.004092 -0.782351  1.000000   \n",
       "day           -0.008930      -0.009934   -0.003399 -0.002127 -0.062312   \n",
       "\n",
       "                    day  \n",
       "price         -0.018753  \n",
       "bedrooms      -0.011664  \n",
       "bathrooms     -0.004226  \n",
       "sqft_living   -0.011554  \n",
       "sqft_lot       0.004450  \n",
       "floors        -0.003257  \n",
       "waterfront     0.012100  \n",
       "view           0.010701  \n",
       "condition     -0.005950  \n",
       "grade         -0.015548  \n",
       "sqft_above    -0.002994  \n",
       "sqft_basement -0.018304  \n",
       "yr_built      -0.003882  \n",
       "yr_renovated   0.001553  \n",
       "zipcode       -0.006993  \n",
       "lat           -0.015738  \n",
       "long          -0.008930  \n",
       "sqft_living15 -0.009934  \n",
       "sqft_lot15    -0.003399  \n",
       "year          -0.002127  \n",
       "month         -0.062312  \n",
       "day            1.000000  "
      ]
     },
     "execution_count": 13,
     "metadata": {},
     "output_type": "execute_result"
    }
   ],
   "source": [
    "train.iloc[:,1:].corr()[]"
   ]
  },
  {
   "cell_type": "code",
   "execution_count": 21,
   "metadata": {
    "ExecuteTime": {
     "end_time": "2019-03-11T11:17:29.281602Z",
     "start_time": "2019-03-11T11:17:28.553898Z"
    }
   },
   "outputs": [
    {
     "data": {
      "text/plain": [
       "<Figure size 1440x1440 with 0 Axes>"
      ]
     },
     "metadata": {},
     "output_type": "display_data"
    },
    {
     "data": {
