{
 "cells": [
  {
   "cell_type": "code",
   "execution_count": 1,
   "metadata": {
    "ExecuteTime": {
     "end_time": "2019-03-12T12:11:38.677432Z",
     "start_time": "2019-03-12T12:11:35.362557Z"
    }
   },
   "outputs": [],
   "source": [
    "import pandas as pd\n",
    "import numpy as np\n",
    "\n",
    "import matplotlib.pyplot as plt\n",
    "import seaborn as sns"
   ]
  },
  {
   "cell_type": "code",
   "execution_count": 2,
   "metadata": {
    "ExecuteTime": {
     "end_time": "2019-03-12T12:11:39.044974Z",
     "start_time": "2019-03-12T12:11:38.677432Z"
    }
   },
   "outputs": [],
   "source": [
    "pd.set_option('display.max_columns', 100)\n",
    "train = pd.read_csv('../input/train.csv')\n",
    "test = pd.read_csv('../input/test.csv')\n",
    "\n",
    "df = pd.concat([train.drop('price', axis = 1),test], axis = 0)"
   ]
  },
  {
   "cell_type": "code",
   "execution_count": 22,
   "metadata": {
    "ExecuteTime": {
     "end_time": "2019-03-12T12:23:00.221570Z",
     "start_time": "2019-03-12T12:23:00.213592Z"
    }
   },
   "outputs": [
    {
     "data": {
      "text/plain": [
       "Index(['id', 'date', 'price', 'bedrooms', 'bathrooms', 'sqft_living',\n",
       "       'sqft_lot', 'floors', 'waterfront', 'view', 'condition', 'grade',\n",
       "       'sqft_above', 'sqft_basement', 'yr_built', 'yr_renovated', 'zipcode',\n",
       "       'lat', 'long', 'sqft_living15', 'sqft_lot15', 'year', 'month', 'day',\n",
       "       'week', 'weekend', 'renovated_or_not', 'date_renovated_diff',\n",
       "       'date_renovated_diff_log', 'date_built_diff', 'date_built_diff_log',\n",
       "       'built_renovated_diff', 'log_lat', 'log_long'],\n",
       "      dtype='object')"
      ]
     },
     "execution_count": 22,
     "metadata": {},
     "output_type": "execute_result"
    }
   ],
   "source": [
    "train.columns"
   ]
  },
  {
   "cell_type": "markdown",
   "metadata": {},
   "source": [
    "# correlation"
   ]
  },
  {
   "cell_type": "code",
   "execution_count": 4,
   "metadata": {
    "ExecuteTime": {
     "end_time": "2019-03-12T04:07:04.898748Z",
     "start_time": "2019-03-12T04:07:04.843895Z"
    }
   },
   "outputs": [
    {
     "data": {
      "text/html": [
       "<div>\n",
       "<style scoped>\n",
       "    .dataframe tbody tr th:only-of-type {\n",
       "        vertical-align: middle;\n",
       "    }\n",
       "\n",
       "    .dataframe tbody tr th {\n",
       "        vertical-align: top;\n",
       "    }\n",
       "\n",
       "    .dataframe thead th {\n",
       "        text-align: right;\n",
       "    }\n",
       "</style>\n",
       "<table border=\"1\" class=\"dataframe\">\n",
       "  <thead>\n",
       "    <tr style=\"text-align: right;\">\n",
       "      <th></th>\n",
       "      <th>price</th>\n",
       "      <th>bedrooms</th>\n",
       "      <th>bathrooms</th>\n",
       "      <th>sqft_living</th>\n",
       "      <th>sqft_lot</th>\n",
       "      <th>floors</th>\n",
       "      <th>waterfront</th>\n",
       "      <th>view</th>\n",
       "      <th>condition</th>\n",
       "      <th>grade</th>\n",
       "      <th>sqft_above</th>\n",
       "      <th>sqft_basement</th>\n",
       "      <th>yr_built</th>\n",
       "      <th>yr_renovated</th>\n",
       "      <th>zipcode</th>\n",
       "      <th>lat</th>\n",
       "      <th>long</th>\n",
       "      <th>sqft_living15</th>\n",
       "      <th>sqft_lot15</th>\n",
       "      <th>year</th>\n",
       "      <th>month</th>\n",
       "      <th>day</th>\n",
       "    </tr>\n",
       "  </thead>\n",
       "  <tbody>\n",
       "    <tr>\n",
       "      <th>price</th>\n",
       "      <td>1.000000</td>\n",
       "      <td>0.323672</td>\n",
       "      <td>0.525479</td>\n",
       "      <td>0.702899</td>\n",
       "      <td>0.096793</td>\n",
       "      <td>0.262588</td>\n",
       "      <td>0.265738</td>\n",
       "      <td>0.400806</td>\n",
       "      <td>0.039740</td>\n",
       "      <td>0.667211</td>\n",
       "      <td>0.608577</td>\n",
       "      <td>0.322218</td>\n",
       "      <td>0.047290</td>\n",
       "      <td>0.140808</td>\n",
       "      <td>-0.051498</td>\n",
       "      <td>0.301604</td>\n",
       "      <td>0.023547</td>\n",
       "      <td>0.586419</td>\n",
       "      <td>0.086384</td>\n",
       "      <td>0.008012</td>\n",
       "      <td>-0.010352</td>\n",
       "      <td>-0.013625</td>\n",
       "    </tr>\n",
       "    <tr>\n",
       "      <th>bedrooms</th>\n",
       "      <td>0.323672</td>\n",
       "      <td>1.000000</td>\n",
       "      <td>0.530548</td>\n",
       "      <td>0.596974</td>\n",
       "      <td>0.033475</td>\n",
       "      <td>0.189532</td>\n",
       "      <td>-0.004819</td>\n",
       "      <td>0.085703</td>\n",
       "      <td>0.034885</td>\n",
       "      <td>0.375286</td>\n",
       "      <td>0.494867</td>\n",
       "      <td>0.315183</td>\n",
       "      <td>0.158799</td>\n",
       "      <td>0.022729</td>\n",
       "      <td>-0.162081</td>\n",
       "      <td>-0.011190</td>\n",
       "      <td>0.135802</td>\n",
       "      <td>0.407394</td>\n",
       "      <td>0.027242</td>\n",
       "      <td>-0.002067</td>\n",
       "      <td>-0.007382</td>\n",
       "      <td>-0.012671</td>\n",
       "    </tr>\n",
       "    <tr>\n",
       "      <th>bathrooms</th>\n",
       "      <td>0.525479</td>\n",
       "      <td>0.530548</td>\n",
       "      <td>1.000000</td>\n",
       "      <td>0.755853</td>\n",
       "      <td>0.089308</td>\n",
       "      <td>0.508649</td>\n",
       "      <td>0.075452</td>\n",
       "      <td>0.187488</td>\n",
       "      <td>-0.125907</td>\n",
       "      <td>0.666278</td>\n",
       "      <td>0.688255</td>\n",
       "      <td>0.282642</td>\n",
       "      <td>0.503964</td>\n",
       "      <td>0.065423</td>\n",
       "      <td>-0.207500</td>\n",
       "      <td>0.018110</td>\n",
       "      <td>0.227669</td>\n",
       "      <td>0.573541</td>\n",
       "      <td>0.088120</td>\n",
       "      <td>-0.022161</td>\n",
       "      <td>0.007759</td>\n",
       "      <td>-0.010256</td>\n",
       "    </tr>\n",
       "    <tr>\n",
       "      <th>sqft_living</th>\n",
       "      <td>0.702899</td>\n",
       "      <td>0.596974</td>\n",
       "      <td>0.755853</td>\n",
       "      <td>1.000000</td>\n",
       "      <td>0.176500</td>\n",
       "      <td>0.363193</td>\n",
       "      <td>0.108137</td>\n",
       "      <td>0.282821</td>\n",
       "      <td>-0.054213</td>\n",
       "      <td>0.762543</td>\n",
       "      <td>0.878736</td>\n",
       "      <td>0.434017</td>\n",
       "      <td>0.315927</td>\n",
       "      <td>0.064893</td>\n",
       "      <td>-0.200745</td>\n",
       "      <td>0.051609</td>\n",
       "      <td>0.245429</td>\n",
       "      <td>0.760271</td>\n",
       "      <td>0.184176</td>\n",
       "      <td>-0.021638</td>\n",
       "      <td>0.009763</td>\n",
       "      <td>-0.011125</td>\n",
       "    </tr>\n",
       "    <tr>\n",
       "      <th>sqft_lot</th>\n",
       "      <td>0.096793</td>\n",
       "      <td>0.033475</td>\n",
       "      <td>0.089308</td>\n",
       "      <td>0.176500</td>\n",
       "      <td>1.000000</td>\n",
       "      <td>0.001535</td>\n",
       "      <td>0.025584</td>\n",
       "      <td>0.080441</td>\n",
       "      <td>-0.002099</td>\n",
       "      <td>0.119906</td>\n",
       "      <td>0.186242</td>\n",
       "      <td>0.017818</td>\n",
       "      <td>0.058686</td>\n",
       "      <td>-0.001451</td>\n",
       "      <td>-0.127709</td>\n",
       "      <td>-0.082234</td>\n",
       "      <td>0.227451</td>\n",
       "      <td>0.147562</td>\n",
       "      <td>0.728458</td>\n",
       "      <td>0.007243</td>\n",
       "      <td>-0.001897</td>\n",
       "      <td>0.003807</td>\n",
       "    </tr>\n",
       "    <tr>\n",
       "      <th>floors</th>\n",
       "      <td>0.262588</td>\n",
       "      <td>0.189532</td>\n",
       "      <td>0.508649</td>\n",
       "      <td>0.363193</td>\n",
       "      <td>0.001535</td>\n",
       "      <td>1.000000</td>\n",
       "      <td>0.031159</td>\n",
       "      <td>0.034511</td>\n",
       "      <td>-0.261016</td>\n",
       "      <td>0.462598</td>\n",
       "      <td>0.529476</td>\n",
       "      <td>-0.239350</td>\n",
       "      <td>0.490436</td>\n",
       "      <td>0.009752</td>\n",
       "      <td>-0.059107</td>\n",
       "      <td>0.049004</td>\n",
       "      <td>0.126983</td>\n",
       "      <td>0.287125</td>\n",
       "      <td>-0.010287</td>\n",
       "      <td>-0.020852</td>\n",
       "      <td>0.015441</td>\n",
       "      <td>-0.008965</td>\n",
       "    </tr>\n",
       "    <tr>\n",
       "      <th>waterfront</th>\n",
       "      <td>0.265738</td>\n",
       "      <td>-0.004819</td>\n",
       "      <td>0.075452</td>\n",
       "      <td>0.108137</td>\n",
       "      <td>0.025584</td>\n",
       "      <td>0.031159</td>\n",
       "      <td>1.000000</td>\n",
       "      <td>0.389669</td>\n",
       "      <td>0.011613</td>\n",
       "      <td>0.088061</td>\n",
       "      <td>0.081968</td>\n",
       "      <td>0.071576</td>\n",
       "      <td>-0.026523</td>\n",
       "      <td>0.104168</td>\n",
       "      <td>0.028632</td>\n",
       "      <td>-0.014772</td>\n",
       "      <td>-0.037922</td>\n",
       "      <td>0.091810</td>\n",
       "      <td>0.028255</td>\n",
       "      <td>-0.002041</td>\n",
       "      <td>0.005828</td>\n",
       "      <td>0.014694</td>\n",
       "    </tr>\n",
       "    <tr>\n",
       "      <th>view</th>\n",
       "      <td>0.400806</td>\n",
       "      <td>0.085703</td>\n",
       "      <td>0.187488</td>\n",
       "      <td>0.282821</td>\n",
       "      <td>0.080441</td>\n",
       "      <td>0.034511</td>\n",
       "      <td>0.389669</td>\n",
       "      <td>1.000000</td>\n",
       "      <td>0.045255</td>\n",
       "      <td>0.247924</td>\n",
       "      <td>0.172693</td>\n",
       "      <td>0.265880</td>\n",
       "      <td>-0.061670</td>\n",
       "      <td>0.107605</td>\n",
       "      <td>0.089247</td>\n",
       "      <td>0.005285</td>\n",
       "      <td>-0.073151</td>\n",
       "      <td>0.278267</td>\n",
       "      <td>0.076501</td>\n",
       "      <td>0.014233</td>\n",
       "      <td>-0.014440</td>\n",
       "      <td>0.013287</td>\n",
       "    </tr>\n",
       "    <tr>\n",
       "      <th>condition</th>\n",
       "      <td>0.039740</td>\n",
       "      <td>0.034885</td>\n",
       "      <td>-0.125907</td>\n",
       "      <td>-0.054213</td>\n",
       "      <td>-0.002099</td>\n",
       "      <td>-0.261016</td>\n",
       "      <td>0.011613</td>\n",
       "      <td>0.045255</td>\n",
       "      <td>1.000000</td>\n",
       "      <td>-0.143599</td>\n",
       "      <td>-0.152856</td>\n",
       "      <td>0.175064</td>\n",
       "      <td>-0.366590</td>\n",
       "      <td>-0.062342</td>\n",
       "      <td>0.001106</td>\n",
       "      <td>-0.015974</td>\n",
       "      <td>-0.110742</td>\n",
       "      <td>-0.091407</td>\n",
       "      <td>-0.003873</td>\n",
       "      <td>-0.045968</td>\n",
       "      <td>0.020182</td>\n",
       "      <td>-0.003907</td>\n",
       "    </tr>\n",
       "    <tr>\n",
       "      <th>grade</th>\n",
       "      <td>0.667211</td>\n",
       "      <td>0.375286</td>\n",
       "      <td>0.666278</td>\n",
       "      <td>0.762543</td>\n",
       "      <td>0.119906</td>\n",
       "      <td>0.462598</td>\n",
       "      <td>0.088061</td>\n",
       "      <td>0.247924</td>\n",
       "      <td>-0.143599</td>\n",
       "      <td>1.000000</td>\n",
       "      <td>0.759240</td>\n",
       "      <td>0.162657</td>\n",
       "      <td>0.440608</td>\n",
       "      <td>0.030155</td>\n",
       "      <td>-0.186541</td>\n",
       "      <td>0.112319</td>\n",
       "      <td>0.202130</td>\n",
       "      <td>0.715321</td>\n",
       "      <td>0.119734</td>\n",
       "      <td>-0.022660</td>\n",
       "      <td>0.009230</td>\n",
       "      <td>-0.019799</td>\n",
       "    </tr>\n",
       "    <tr>\n",
       "      <th>sqft_above</th>\n",
       "      <td>0.608577</td>\n",
       "      <td>0.494867</td>\n",
       "      <td>0.688255</td>\n",
       "      <td>0.878736</td>\n",
       "      <td>0.186242</td>\n",
       "      <td>0.529476</td>\n",
       "      <td>0.081968</td>\n",
       "      <td>0.172693</td>\n",
       "      <td>-0.152856</td>\n",
       "      <td>0.759240</td>\n",
       "      <td>1.000000</td>\n",
       "      <td>-0.048623</td>\n",
       "      <td>0.422431</td>\n",
       "      <td>0.031441</td>\n",
       "      <td>-0.258474</td>\n",
       "      <td>0.001074</td>\n",
       "      <td>0.347226</td>\n",
       "      <td>0.737795</td>\n",
       "      <td>0.194226</td>\n",
       "      <td>-0.019124</td>\n",
       "      <td>0.010427</td>\n",
       "      <td>-0.007108</td>\n",
       "    </tr>\n",
       "    <tr>\n",
       "      <th>sqft_basement</th>\n",
       "      <td>0.322218</td>\n",
       "      <td>0.315183</td>\n",
       "      <td>0.282642</td>\n",
       "      <td>0.434017</td>\n",
       "      <td>0.017818</td>\n",
       "      <td>-0.239350</td>\n",
       "      <td>0.071576</td>\n",
       "      <td>0.265880</td>\n",
       "      <td>0.175064</td>\n",
       "      <td>0.162657</td>\n",
       "      <td>-0.048623</td>\n",
       "      <td>1.000000</td>\n",
       "      <td>-0.136214</td>\n",
       "      <td>0.076452</td>\n",
       "      <td>0.067782</td>\n",
       "      <td>0.105969</td>\n",
       "      <td>-0.141792</td>\n",
       "      <td>0.198380</td>\n",
       "      <td>0.018813</td>\n",
       "      <td>-0.009185</td>\n",
       "      <td>0.000750</td>\n",
       "      <td>-0.009863</td>\n",
       "    </tr>\n",
       "    <tr>\n",
       "      <th>yr_built</th>\n",
       "      <td>0.047290</td>\n",
       "      <td>0.158799</td>\n",
       "      <td>0.503964</td>\n",
       "      <td>0.315927</td>\n",
       "      <td>0.058686</td>\n",
       "      <td>0.490436</td>\n",
       "      <td>-0.026523</td>\n",
       "      <td>-0.061670</td>\n",
       "      <td>-0.366590</td>\n",
       "      <td>0.440608</td>\n",
       "      <td>0.422431</td>\n",
       "      <td>-0.136214</td>\n",
       "      <td>1.000000</td>\n",
       "      <td>-0.215760</td>\n",
       "      <td>-0.354280</td>\n",
       "      <td>-0.156563</td>\n",
       "      <td>0.414565</td>\n",
       "      <td>0.324221</td>\n",
       "      <td>0.076009</td>\n",
       "      <td>0.004381</td>\n",
       "      <td>-0.001425</td>\n",
       "      <td>-0.011638</td>\n",
       "    </tr>\n",
       "    <tr>\n",
       "      <th>yr_renovated</th>\n",
       "      <td>0.140808</td>\n",
       "      <td>0.022729</td>\n",
       "      <td>0.065423</td>\n",
       "      <td>0.064893</td>\n",
       "      <td>-0.001451</td>\n",
       "      <td>0.009752</td>\n",
       "      <td>0.104168</td>\n",
       "      <td>0.107605</td>\n",
       "      <td>-0.062342</td>\n",
       "      <td>0.030155</td>\n",
       "      <td>0.031441</td>\n",
       "      <td>0.076452</td>\n",
       "      <td>-0.215760</td>\n",
       "      <td>1.000000</td>\n",
       "      <td>0.068307</td>\n",
       "      <td>0.034844</td>\n",
       "      <td>-0.070134</td>\n",
       "      <td>0.007995</td>\n",
       "      <td>-0.000348</td>\n",
       "      <td>-0.019075</td>\n",
       "      <td>0.006802</td>\n",
       "      <td>0.016533</td>\n",
       "    </tr>\n",
       "    <tr>\n",
       "      <th>zipcode</th>\n",
       "      <td>-0.051498</td>\n",
       "      <td>-0.162081</td>\n",
       "      <td>-0.207500</td>\n",
       "      <td>-0.200745</td>\n",
       "      <td>-0.127709</td>\n",
       "      <td>-0.059107</td>\n",
       "      <td>0.028632</td>\n",
       "      <td>0.089247</td>\n",
       "      <td>0.001106</td>\n",
       "      <td>-0.186541</td>\n",
       "      <td>-0.258474</td>\n",
       "      <td>0.067782</td>\n",
       "      <td>-0.354280</td>\n",
       "      <td>0.068307</td>\n",
       "      <td>1.000000</td>\n",
       "      <td>0.261312</td>\n",
       "      <td>-0.563455</td>\n",
       "      <td>-0.274176</td>\n",
       "      <td>-0.145710</td>\n",
       "      <td>-0.000743</td>\n",
       "      <td>0.000282</td>\n",
       "      <td>-0.007562</td>\n",
       "    </tr>\n",
       "    <tr>\n",
       "      <th>lat</th>\n",
       "      <td>0.301604</td>\n",
       "      <td>-0.011190</td>\n",
       "      <td>0.018110</td>\n",
       "      <td>0.051609</td>\n",
       "      <td>-0.082234</td>\n",
       "      <td>0.049004</td>\n",
       "      <td>-0.014772</td>\n",
       "      <td>0.005285</td>\n",
       "      <td>-0.015974</td>\n",
       "      <td>0.112319</td>\n",
       "      <td>0.001074</td>\n",
       "      <td>0.105969</td>\n",
       "      <td>-0.156563</td>\n",
       "      <td>0.034844</td>\n",
       "      <td>0.261312</td>\n",
       "      <td>1.000000</td>\n",
       "      <td>-0.133460</td>\n",
       "      <td>0.048924</td>\n",
       "      <td>-0.081725</td>\n",
       "      <td>-0.031389</td>\n",
       "      <td>0.019899</td>\n",
       "      <td>-0.015690</td>\n",
       "    </tr>\n",
       "    <tr>\n",
       "      <th>long</th>\n",
       "      <td>0.023547</td>\n",
       "      <td>0.135802</td>\n",
       "      <td>0.227669</td>\n",
       "      <td>0.245429</td>\n",
       "      <td>0.227451</td>\n",
       "      <td>0.126983</td>\n",
       "      <td>-0.037922</td>\n",
       "      <td>-0.073151</td>\n",
       "      <td>-0.110742</td>\n",
       "      <td>0.202130</td>\n",
       "      <td>0.347226</td>\n",
       "      <td>-0.141792</td>\n",
       "      <td>0.414565</td>\n",
       "      <td>-0.070134</td>\n",
       "      <td>-0.563455</td>\n",
       "      <td>-0.133460</td>\n",
       "      <td>1.000000</td>\n",
       "      <td>0.333673</td>\n",
       "      <td>0.256201</td>\n",
       "      <td>0.003253</td>\n",
       "      <td>-0.007618</td>\n",
       "      <td>-0.006330</td>\n",
       "    </tr>\n",
       "    <tr>\n",
       "      <th>sqft_living15</th>\n",
       "      <td>0.586419</td>\n",
       "      <td>0.407394</td>\n",
       "      <td>0.573541</td>\n",
       "      <td>0.760271</td>\n",
       "      <td>0.147562</td>\n",
       "      <td>0.287125</td>\n",
       "      <td>0.091810</td>\n",
       "      <td>0.278267</td>\n",
       "      <td>-0.091407</td>\n",
       "      <td>0.715321</td>\n",
       "      <td>0.737795</td>\n",
       "      <td>0.198380</td>\n",
       "      <td>0.324221</td>\n",
       "      <td>0.007995</td>\n",
       "      <td>-0.274176</td>\n",
       "      <td>0.048924</td>\n",
       "      <td>0.333673</td>\n",
       "      <td>1.000000</td>\n",
       "      <td>0.183599</td>\n",
       "      <td>-0.013523</td>\n",
       "      <td>-0.001068</td>\n",
       "      <td>-0.009914</td>\n",
       "    </tr>\n",
       "    <tr>\n",
       "      <th>sqft_lot15</th>\n",
       "      <td>0.086384</td>\n",
       "      <td>0.027242</td>\n",
       "      <td>0.088120</td>\n",
       "      <td>0.184176</td>\n",
       "      <td>0.728458</td>\n",
       "      <td>-0.010287</td>\n",
       "      <td>0.028255</td>\n",
       "      <td>0.076501</td>\n",
       "      <td>-0.003873</td>\n",
       "      <td>0.119734</td>\n",
       "      <td>0.194226</td>\n",
       "      <td>0.018813</td>\n",
       "      <td>0.076009</td>\n",
       "      <td>-0.000348</td>\n",
       "      <td>-0.145710</td>\n",
       "      <td>-0.081725</td>\n",
       "      <td>0.256201</td>\n",
       "      <td>0.183599</td>\n",
       "      <td>1.000000</td>\n",
       "      <td>0.003022</td>\n",
       "      <td>0.004651</td>\n",
       "      <td>0.005678</td>\n",
       "    </tr>\n",
       "    <tr>\n",
       "      <th>year</th>\n",
       "      <td>0.008012</td>\n",
       "      <td>-0.002067</td>\n",
       "      <td>-0.022161</td>\n",
       "      <td>-0.021638</td>\n",
       "      <td>0.007243</td>\n",
       "      <td>-0.020852</td>\n",
       "      <td>-0.002041</td>\n",
       "      <td>0.014233</td>\n",
       "      <td>-0.045968</td>\n",
       "      <td>-0.022660</td>\n",
       "      <td>-0.019124</td>\n",
       "      <td>-0.009185</td>\n",
       "      <td>0.004381</td>\n",
       "      <td>-0.019075</td>\n",
       "      <td>-0.000743</td>\n",
       "      <td>-0.031389</td>\n",
       "      <td>0.003253</td>\n",
       "      <td>-0.013523</td>\n",
       "      <td>0.003022</td>\n",
       "      <td>1.000000</td>\n",
       "      <td>-0.781074</td>\n",
       "      <td>-0.005003</td>\n",
       "    </tr>\n",
       "    <tr>\n",
       "      <th>month</th>\n",
       "      <td>-0.010352</td>\n",
       "      <td>-0.007382</td>\n",
       "      <td>0.007759</td>\n",
       "      <td>0.009763</td>\n",
       "      <td>-0.001897</td>\n",
       "      <td>0.015441</td>\n",
       "      <td>0.005828</td>\n",
       "      <td>-0.014440</td>\n",
       "      <td>0.020182</td>\n",
       "      <td>0.009230</td>\n",
       "      <td>0.010427</td>\n",
       "      <td>0.000750</td>\n",
       "      <td>-0.001425</td>\n",
       "      <td>0.006802</td>\n",
       "      <td>0.000282</td>\n",
       "      <td>0.019899</td>\n",
       "      <td>-0.007618</td>\n",
       "      <td>-0.001068</td>\n",
       "      <td>0.004651</td>\n",
       "      <td>-0.781074</td>\n",
       "      <td>1.000000</td>\n",
       "      <td>-0.061457</td>\n",
       "    </tr>\n",
       "    <tr>\n",
       "      <th>day</th>\n",
       "      <td>-0.013625</td>\n",
       "      <td>-0.012671</td>\n",
       "      <td>-0.010256</td>\n",
       "      <td>-0.011125</td>\n",
       "      <td>0.003807</td>\n",
       "      <td>-0.008965</td>\n",
       "      <td>0.014694</td>\n",
       "      <td>0.013287</td>\n",
       "      <td>-0.003907</td>\n",
       "      <td>-0.019799</td>\n",
       "      <td>-0.007108</td>\n",
       "      <td>-0.009863</td>\n",
       "      <td>-0.011638</td>\n",
       "      <td>0.016533</td>\n",
       "      <td>-0.007562</td>\n",
       "      <td>-0.015690</td>\n",
       "      <td>-0.006330</td>\n",
       "      <td>-0.009914</td>\n",
       "      <td>0.005678</td>\n",
       "      <td>-0.005003</td>\n",
       "      <td>-0.061457</td>\n",
       "      <td>1.000000</td>\n",
       "    </tr>\n",
       "  </tbody>\n",
       "</table>\n",
       "</div>"
      ],
      "text/plain": [
       "                  price  bedrooms  bathrooms  sqft_living  sqft_lot    floors  \\\n",
       "price          1.000000  0.323672   0.525479     0.702899  0.096793  0.262588   \n",
       "bedrooms       0.323672  1.000000   0.530548     0.596974  0.033475  0.189532   \n",
       "bathrooms      0.525479  0.530548   1.000000     0.755853  0.089308  0.508649   \n",
       "sqft_living    0.702899  0.596974   0.755853     1.000000  0.176500  0.363193   \n",
       "sqft_lot       0.096793  0.033475   0.089308     0.176500  1.000000  0.001535   \n",
       "floors         0.262588  0.189532   0.508649     0.363193  0.001535  1.000000   \n",
       "waterfront     0.265738 -0.004819   0.075452     0.108137  0.025584  0.031159   \n",
       "view           0.400806  0.085703   0.187488     0.282821  0.080441  0.034511   \n",
       "condition      0.039740  0.034885  -0.125907    -0.054213 -0.002099 -0.261016   \n",
       "grade          0.667211  0.375286   0.666278     0.762543  0.119906  0.462598   \n",
       "sqft_above     0.608577  0.494867   0.688255     0.878736  0.186242  0.529476   \n",
       "sqft_basement  0.322218  0.315183   0.282642     0.434017  0.017818 -0.239350   \n",
       "yr_built       0.047290  0.158799   0.503964     0.315927  0.058686  0.490436   \n",
       "yr_renovated   0.140808  0.022729   0.065423     0.064893 -0.001451  0.009752   \n",
       "zipcode       -0.051498 -0.162081  -0.207500    -0.200745 -0.127709 -0.059107   \n",
       "lat            0.301604 -0.011190   0.018110     0.051609 -0.082234  0.049004   \n",
       "long           0.023547  0.135802   0.227669     0.245429  0.227451  0.126983   \n",
       "sqft_living15  0.586419  0.407394   0.573541     0.760271  0.147562  0.287125   \n",
       "sqft_lot15     0.086384  0.027242   0.088120     0.184176  0.728458 -0.010287   \n",
       "year           0.008012 -0.002067  -0.022161    -0.021638  0.007243 -0.020852   \n",
       "month         -0.010352 -0.007382   0.007759     0.009763 -0.001897  0.015441   \n",
       "day           -0.013625 -0.012671  -0.010256    -0.011125  0.003807 -0.008965   \n",
       "\n",
       "               waterfront      view  condition     grade  sqft_above  \\\n",
       "price            0.265738  0.400806   0.039740  0.667211    0.608577   \n",
       "bedrooms        -0.004819  0.085703   0.034885  0.375286    0.494867   \n",
       "bathrooms        0.075452  0.187488  -0.125907  0.666278    0.688255   \n",
       "sqft_living      0.108137  0.282821  -0.054213  0.762543    0.878736   \n",
       "sqft_lot         0.025584  0.080441  -0.002099  0.119906    0.186242   \n",
       "floors           0.031159  0.034511  -0.261016  0.462598    0.529476   \n",
       "waterfront       1.000000  0.389669   0.011613  0.088061    0.081968   \n",
       "view             0.389669  1.000000   0.045255  0.247924    0.172693   \n",
       "condition        0.011613  0.045255   1.000000 -0.143599   -0.152856   \n",
       "grade            0.088061  0.247924  -0.143599  1.000000    0.759240   \n",
       "sqft_above       0.081968  0.172693  -0.152856  0.759240    1.000000   \n",
       "sqft_basement    0.071576  0.265880   0.175064  0.162657   -0.048623   \n",
       "yr_built        -0.026523 -0.061670  -0.366590  0.440608    0.422431   \n",
       "yr_renovated     0.104168  0.107605  -0.062342  0.030155    0.031441   \n",
       "zipcode          0.028632  0.089247   0.001106 -0.186541   -0.258474   \n",
       "lat             -0.014772  0.005285  -0.015974  0.112319    0.001074   \n",
       "long            -0.037922 -0.073151  -0.110742  0.202130    0.347226   \n",
       "sqft_living15    0.091810  0.278267  -0.091407  0.715321    0.737795   \n",
       "sqft_lot15       0.028255  0.076501  -0.003873  0.119734    0.194226   \n",
       "year            -0.002041  0.014233  -0.045968 -0.022660   -0.019124   \n",
       "month            0.005828 -0.014440   0.020182  0.009230    0.010427   \n",
       "day              0.014694  0.013287  -0.003907 -0.019799   -0.007108   \n",
       "\n",
       "               sqft_basement  yr_built  yr_renovated   zipcode       lat  \\\n",
       "price               0.322218  0.047290      0.140808 -0.051498  0.301604   \n",
       "bedrooms            0.315183  0.158799      0.022729 -0.162081 -0.011190   \n",
       "bathrooms           0.282642  0.503964      0.065423 -0.207500  0.018110   \n",
       "sqft_living         0.434017  0.315927      0.064893 -0.200745  0.051609   \n",
       "sqft_lot            0.017818  0.058686     -0.001451 -0.127709 -0.082234   \n",
       "floors             -0.239350  0.490436      0.009752 -0.059107  0.049004   \n",
       "waterfront          0.071576 -0.026523      0.104168  0.028632 -0.014772   \n",
       "view                0.265880 -0.061670      0.107605  0.089247  0.005285   \n",
       "condition           0.175064 -0.366590     -0.062342  0.001106 -0.015974   \n",
       "grade               0.162657  0.440608      0.030155 -0.186541  0.112319   \n",
       "sqft_above         -0.048623  0.422431      0.031441 -0.258474  0.001074   \n",
       "sqft_basement       1.000000 -0.136214      0.076452  0.067782  0.105969   \n",
       "yr_built           -0.136214  1.000000     -0.215760 -0.354280 -0.156563   \n",
       "yr_renovated        0.076452 -0.215760      1.000000  0.068307  0.034844   \n",
       "zipcode             0.067782 -0.354280      0.068307  1.000000  0.261312   \n",
       "lat                 0.105969 -0.156563      0.034844  0.261312  1.000000   \n",
       "long               -0.141792  0.414565     -0.070134 -0.563455 -0.133460   \n",
       "sqft_living15       0.198380  0.324221      0.007995 -0.274176  0.048924   \n",
       "sqft_lot15          0.018813  0.076009     -0.000348 -0.145710 -0.081725   \n",
       "year               -0.009185  0.004381     -0.019075 -0.000743 -0.031389   \n",
       "month               0.000750 -0.001425      0.006802  0.000282  0.019899   \n",
       "day                -0.009863 -0.011638      0.016533 -0.007562 -0.015690   \n",
       "\n",
       "                   long  sqft_living15  sqft_lot15      year     month  \\\n",
       "price          0.023547       0.586419    0.086384  0.008012 -0.010352   \n",
       "bedrooms       0.135802       0.407394    0.027242 -0.002067 -0.007382   \n",
       "bathrooms      0.227669       0.573541    0.088120 -0.022161  0.007759   \n",
       "sqft_living    0.245429       0.760271    0.184176 -0.021638  0.009763   \n",
       "sqft_lot       0.227451       0.147562    0.728458  0.007243 -0.001897   \n",
       "floors         0.126983       0.287125   -0.010287 -0.020852  0.015441   \n",
       "waterfront    -0.037922       0.091810    0.028255 -0.002041  0.005828   \n",
       "view          -0.073151       0.278267    0.076501  0.014233 -0.014440   \n",
       "condition     -0.110742      -0.091407   -0.003873 -0.045968  0.020182   \n",
       "grade          0.202130       0.715321    0.119734 -0.022660  0.009230   \n",
       "sqft_above     0.347226       0.737795    0.194226 -0.019124  0.010427   \n",
       "sqft_basement -0.141792       0.198380    0.018813 -0.009185  0.000750   \n",
       "yr_built       0.414565       0.324221    0.076009  0.004381 -0.001425   \n",
       "yr_renovated  -0.070134       0.007995   -0.000348 -0.019075  0.006802   \n",
       "zipcode       -0.563455      -0.274176   -0.145710 -0.000743  0.000282   \n",
       "lat           -0.133460       0.048924   -0.081725 -0.031389  0.019899   \n",
       "long           1.000000       0.333673    0.256201  0.003253 -0.007618   \n",
       "sqft_living15  0.333673       1.000000    0.183599 -0.013523 -0.001068   \n",
       "sqft_lot15     0.256201       0.183599    1.000000  0.003022  0.004651   \n",
       "year           0.003253      -0.013523    0.003022  1.000000 -0.781074   \n",
       "month         -0.007618      -0.001068    0.004651 -0.781074  1.000000   \n",
       "day           -0.006330      -0.009914    0.005678 -0.005003 -0.061457   \n",
       "\n",
       "                    day  \n",
       "price         -0.013625  \n",
       "bedrooms      -0.012671  \n",
       "bathrooms     -0.010256  \n",
       "sqft_living   -0.011125  \n",
       "sqft_lot       0.003807  \n",
       "floors        -0.008965  \n",
       "waterfront     0.014694  \n",
       "view           0.013287  \n",
       "condition     -0.003907  \n",
       "grade         -0.019799  \n",
       "sqft_above    -0.007108  \n",
       "sqft_basement -0.009863  \n",
       "yr_built      -0.011638  \n",
       "yr_renovated   0.016533  \n",
       "zipcode       -0.007562  \n",
       "lat           -0.015690  \n",
       "long          -0.006330  \n",
       "sqft_living15 -0.009914  \n",
       "sqft_lot15     0.005678  \n",
       "year          -0.005003  \n",
       "month         -0.061457  \n",
       "day            1.000000  "
      ]
     },
     "execution_count": 4,
     "metadata": {},
     "output_type": "execute_result"
    }
   ],
   "source": [
    "train.iloc[:,1:].corr()"
   ]
  },
  {
   "cell_type": "code",
   "execution_count": 5,
   "metadata": {
    "ExecuteTime": {
     "end_time": "2019-03-12T04:07:08.476018Z",
     "start_time": "2019-03-12T04:07:08.075432Z"
    }
   },
   "outputs": [
    {
     "data": {
      "text/plain": [
       "<Figure size 1440x1440 with 0 Axes>"
      ]
     },
     "metadata": {},
     "output_type": "display_data"
    },
    {
     "data": {
